4324 4600 4876 5152 5428 5704 5980 6256 6532 6808 7084 7360 7636 7912 8188 8464 8740 9016 9292 9568 9844 10120 10396 10672
4600 4900 5200 5500 5800 6100 6400 6700 7000 7300 7600 7900 8200 8500 8800 9100 9400 9700 10000 10300 10600 10900 11200 11500
4876 5200 5524 5848 6172 6496 6820 7144 7468 7792 8116 8440 8764 9088 9412 9736 10060 10384 10708 11032 11356 11680 12004 12328
5152 5500 5848 6196 6544 6892 7240 7588 7936 8284 8632 8980 9328 9676 10024 10372 10720 11068 11416 11764 12112 12460 12808 13156
5428 5800 6172 6544 6916 7288 7660 8032 8404 8776 9148 9520 9892 10264 10636 11008 11380 11752 12124 12496 12868 13240 13612 13984
5704 6100 6496 6892 7288 7684 8080 8476 8872 9268 9664 10060 10456 10852 11248 11644 12040 12436 12832 13228 13624 14020 14416 14812
5980 6400 6820 7240 7660 8080 8500 8920 9340 9760 10180 10600 11020 11440 11860 12280 12700 13120 13540 13960 14380 14800 15220 15640
6256 6700 7144 7588 8032 8476 8920 9364 9808 10252 10696 11140 11584 12028 12472 12916 13360 13804 14248 14692 15136 15580 16024 16468
6532 7000 7468 7936 8404 8872 9340 9808 10276 10744 11212 11680 12148 12616 13084 13552 14020 14488 14956 15424 15892 16360 16828 17296
6808 7300 7792 8284 8776 9268 9760 10252 10744 11236 11728 12220 12712 13204 13696 14188 14680 15172 15664 16156 16648 17140 17632 18124
7084 7600 8116 8632 9148 9664 10180 10696 11212 11728 12244 12760 13276 13792 14308 14824 15340 15856 16372 16888 17404 17920 18436 18952
7360 7900 8440 8980 9520 10060 10600 11140 11680 12220 12760 13300 13840 14380 14920 15460 16000 16540 17080 17620 18160 18700 19240 19780
7636 8200 8764 9328 9892 10456 11020 11584 12148 12712 13276 13840 14404 14968 15532 16096 16660 17224 17788 18352 18916 19480 20044 20608
7912 8500 9088 9676 10264 10852 11440 12028 12616 13204 13792 14380 14968 15556 16144 16732 17320 17908 18496 19084 19672 20260 20848 21436
8188 8800 9412 10024 10636 11248 11860 12472 13084 13696 14308 14920 15532 16144 16756 17368 17980 18592 19204 19816 20428 21040 21652 22264
8464 9100 9736 10372 11008 11644 12280 12916 13552 14188 14824 15460 16096 16732 17368 18004 18640 19276 19912 20548 21184 21820 22456 23092
8740 9400 10060 10720 11380 12040 12700 13360 14020 14680 15340 16000 16660 17320 17980 18640 19300 19960 20620 21280 21940 22600 23260 23920
9016 9700 10384 11068 11752 12436 13120 13804 14488 15172 15856 16540 17224 17908 18592 19276 19960 20644 21328 22012 22696 23380 24064 24748
9292 10000 10708 11416 12124 12832 13540 14248 14956 15664 16372 17080 17788 18496 19204 19912 20620 21328 22036 22744 23452 24160 24868 25576
9568 10300 11032 11764 12496 13228 13960 14692 15424 16156 16888 17620 18352 19084 19816 20548 21280 22012 22744 23476 24208 24940 25672 26404
9844 10600 11356 12112 12868 13624 14380 15136 15892 16648 17404 18160 18916 19672 20428 21184 21940 22696 23452 24208 24964 25720 26476 27232
10120 10900 11680 12460 13240 14020 14800 15580 16360 17140 17920 18700 19480 20260 21040 21820 22600 23380 24160 24940 25720 26500 27280 28060
10396 11200 12004 12808 13612 14416 15220 16024 16828 17632 18436 19240 20044 20848 21652 22456 23260 24064 24868 25672 26476 27280 28084 28888
10672 11500 12328 13156 13984 14812 15640 16468 17296 18124 18952 19780 20608 21436 22264 23092 23920 24748 25576 26404 27232 28060 28888 29716
